201
5603 20
11639 18771 63919 44483 60253 68814 91467 36033 91287 71466 50688 45866 18846 70731 39712 23256 15974 32625 49701 74338
1769 20
87017 33024 7619 59229 89148 41913 95524 47207 21137 29957 39873 12071 39695 88216 85843 36196 77756 78261 52421 18408
4255 20
81866 86820 56287 86341 72649 86205 43634 64636 77860 30433 96564 4701 67242 99761 82795 26711 80831 49819 63616 36939
1750 20
18814 80077 97517 91723 91749 62902 74833 84480 70715 28733 68603 68908 10305 11023 64392 7149 41618 54370 3419 44587
2442 20
98604 84503 25730 48399 73543 99505 48981 58775 27609 31444 48214 4533 40660 16400 72868 16842 69852 62385 96549 9663
8696 20
35619 45104 44776 86267 17085 89554 3876 87902 38304 24855 77630 82092 78115 2284 82577 94634 66416 42488 5076 65791
8784 20
5372 50502 51993 38343 10223 30512 37047 82046 87260 67980 79063 54925 75460 20152 33089 9527 65022 20149 25601 92449
1959 20
33065 66986 79779 37814 92586 15504 37462 8816 30360 6488 65440 30904 26841 80465 40740 78377 22070 58849 2558 26926
4438 20
67290 32292 16873 10257 3843 68947 57177 10461 2930 51208 47947 829 87977 95418 94919 62512 2388 2125 56345 38428
7691 20
30954 51557 46271 21806 83082 3028 30766 60508 73027 31540 75723 26273 85920 64925 64855 75166 55956 58533 90266 50727
8363 20
86460 75160 19297 8218 22066 24495 10067 58215 52197 4338 95698 79757 90492 77027 21268 21457 17958 421 13267 12905
750 20
92071 45847 29780 33695 61805 70699 72284 25166 22942 60875 58691 27988 22160 66429 8859 26957 54682 44190 9158 51654
1928 20
91387 30272 71206 13849 2137 50666 71220 56262 98559 37082 78401 28227 7612 16058 29389 9633 97196 35298 99276 83502
5108 20
49875 34110 59575 23862 64238 14232 33685 79332 12918 38650 57384 32043 94578 44397 85404 22017 81021 35036 18639 64626
2274 20
13812 95580 21433 5724 14237 18594 69748 706 45754 81383 51872 20424 31581 5336 83970 50802 71022 95634 89548 68863
6633 20
3560 97717 48990 66888 63971 78792 28747 27148 23120 50672 7343 13722 4861 71810 24522 12603 38820 91131 46796 69673
6937 20
47247 36164 80846 97743 63659 60107 85692 33859 15426 26012 90470 96138 2814 64550 20272 89923 62652 62072 44769 6552
7997 20
8970 94423 81732 89577 65034 60757 42436 85999 3937 77841 23304 2025 41178 92799 34090 15395 91856 39183 40197 50559
8416 20
59464 96543 22603 92212 2651 57082 44880 49852 6931 63839 51676 1752 99590 68686 15175 17923 14421 75920 28068 40228
1465 20
6159 81711 71796 74811 30721 29361 82355 50666 52286 96 33539 45149 78843 38758 10613 44199 90912 7543 19036 18009
7941 20
1674 47764 12230 67088 16769 77768 25652 81097 90872 8456 36385 67659 65329 31941 44955 6872 69892 34063 82698 10441
8864 20
45015 2765 98952 52428 9988 68425 89664 66286 58855 84343 25442 59322 3644 123 10942 92168 3008 98665 29077 74161
5044 20
75461 95696 35396 68627 52869 24855 31816 46512 81268 25684 43088 27376 54043 61145 25110 91104 22530 31022 19821 14489
5884 20
53596 67277 60894 12610 52919 97193 47661 37194 61495 56104 35610 66744 3318 15153 2820 40088 20604 44190 13796 95464
8931 20
44975 73422 46470 5681 56908 78860 19568 95780 30542 85129 9389 68618 14462 48430 99045 14270 73278 51296 64479 79669
2281 20
41965 82898 37559 29542 15230 17153 19958 60457 86913 48566 79355 6090 62486 86939 86617 15465 37313 41258 48856 37083
3360 20
72741 68387 13782 16985 24178 99980 30329 28793 96514 40689 41791 31584 36806 11818 59652 6118 33443 21387 88807 62210
4713 20
7840 20958 42024 16018 72070 4500 47016 6256 15110 97498 15233 2430 70362 79089 18798 86903 344 55232 20393 76521
7339 20
77692 95078 53848 47960 18156 43162 2107 32093 28568 37395 32405 56101 29228 27500 5671 29480 72783 78398 50903 99861
2872 20
46245 5565 77664 3029 53109 76796 10387 21967 71926 83886 9651 39893 93211 25658 79408 37800 44347 50922 15290 5149
4726 20
75840 81026 13779 36109 84358 17125 98764 3912 49086 19746 57335 26168 4894 17828 44633 35025 3425 81654 49787 32557
6063 20
54575 67622 67848 78200 9552 95598 41516 96428 79788 1266 85987 48962 51504 36058 66962 28199 5828 91877 9218 50947
9223 20
79117 19206 99925 16943 82751 60316 51677 91989 21969 76369 49304 8897 91480 65124 4591 65671 13571 65343 97985 39553
6309 20
11607 87322 80460 82507 45999 38955 75658 93976 21737 86093 96428 79448 14653 17753 26640 38032 48809 95246 95180 63596
1401 20
21662 36831 18325 32087 99567 40839 88283 25313 59882 89744 35776 650 63603 33765 10209 4430 85309 63672 77727 41249
882 20
88806 58176 91719 72049 99805 6998 35777 41514 61793 21088 50148 55617 38146 32319 35212 7252 57741 14408 49219 32637
2133 19
79336 39173 69866 84982 7945 72393 59925 75835 39353 31861 68269 7723 57028 17531 83293 51902 18093 74358 33028
1606 19
70957 22806 70198 14572 16695 443 89988 87052 82204 70712 74681 81083 60313 73298 5223 92791 93400 81745 95307
8839 19
73517 13780 93992 11548 81713 62467 17418 61444 25692 80409 4964 15830 66404 30601 79479 48420 24954 25978 76776
4876 19
48332 42795 54352 24508 78031 76611 51421 33832 63212 92863 7054 76000 44592 95125 17813 14582 85518 68724 10473
9636 19
66300 13836 94382 22875 97065 45399 81091 8473 11817 26596 14039 3261 85429 52435 74739 7273 4076 27211 77358
4891 19
4167 95816 81515 68083 38593 45691 28857 4718 55497 23737 35489 99788 74078 23732 28267 42432 49811 28246 4689
5053 19
59378 10965 47759 45636 95967 73720 19673 93125 97335 25811 93391 63193 11913 25989 37442 56682 39551 97862 59427
3818 19
40684 36133 82884 77664 79850 85029 68854 88240 84791 21513 24980 63719 30574 75954 98521 37897 825 96670 55017
7760 19
34227 43704 1343 372 44571 34118 95709 97709 65340 27226 34935 63035 39941 73282 99834 59429 79031 66598 71543
4938 20
83616 81378 78429 1015 25904 68451 63177 18616 9815 79391 61107 3511 51973 84557 75362 88649 78176 68058 14537 96512
6669 20
59832 96915 92111 3242 85781 83505 23109 99363 42918 67049 70627 38592 85615 76938 13095 35314 77258 1918 1889 1901
1862 20
64931 79943 84894 63853 87836 30658 82779 91053 23202 96620 87810 94411 28128 8407 59677 79774 55557 16910 95796 21546
5437 19
58359 29133 84137 62156 75118 39244 78972 63416 94845 40517 90727 10326 36537 70941 99313 46209 49865 37541 19419
2182 20
4052 82605 12963 94061 18783 36973 55177 35341 63447 87383 65215 99264 72956 76145 725 33505 55063 28692 15319 3907
3487 20
79336 8418 3148 99488 78103 74646 50755 84367 56553 80611 30055 50711 47201 64522 93787 64525 70312 27808 40928 74667
1639 19
40148 40667 63544 56413 78035 62976 58003 48788 28634 38137 98183 36302 70902 9286 22144 85719 4577 38898 31777
4988 19
16906 38009 49700 51197 11200 28523 11922 45614 5799 61986 30035 29791 50618 35058 20568 93955 64253 65045 65671
1725 19
64105 96309 20639 75688 47773 72812 19198 21222 51028 11418 74978 58216 37583 73196 83499 23399 83255 47814 98779
7637 19
97166 81221 72436 63042 14319 64449 55467 90300 63221 3599 44301 13345 8429 28763 57007 81661 11312 76630 48679
1431 20
9867 22562 94101 6437 78057 79633 94079 34911 50723 21459 99262 54743 72767 92474 49397 40323 41367 89197 40976 14684
1614 20
72521 83183 14970 88481 6088 90021 71700 18855 15602 18496 63606 88772 56689 865 48713 37845 74347 11032 6043 14054
1661 20
24511 85544 148 52131 38934 31834 63329 54200 78657 11558 39745 99581 61243 51298 24792 88907 35534 41620 75322 86486
8415 20
49937 64311 95206 35542 22281 12713 60657 84351 58378 67938 72796 91987 49044 33500 69499 75736 39777 30125 99057 76527
7164 20
16300 88532 51927 46932 93598 11034 22616 51026 11250 1665 26683 11969 92743 59655 89788 4667 15824 1126 32675 43695
9870 20
34553 59381 84963 98810 26958 34399 91285 95460 40288 7031 65133 27792 10416 40333 35560 99838 49916 35036 68752 42155
3946 19
6548 23646 65033 20108 30765 36681 17013 65263 66385 40099 75106 34292 33586 93639 77853 61688 82457 82443 78060
4975 19
15294 46795 82202 31058 50453 59131 4055 34111 44093 67501 17712 31660 9209 32445 95820 8832 480 77534 27153
7330 19
64336 99326 62727 36096 62179 2640 28662 43214 1405 1190 50827 67048 73596 7272 46124 98435 93978 49032 82553
7638 19
94441 74870 35170 44124 99815 9076 39525 39338 68628 9029 60556 47245 34291 27782 17644 46469 39710 53243 61815
8181 19
82963 39996 15098 76450 45999 80560 83126 49564 56979 34337 7259 52171 23141 74272 59532 29408 37489 56597 40430
8902 19
33301 22675 45112 94621 37332 22065 32830 18407 60157 38268 42818 24014 40132 39516 45574 96807 63862 31122 51948
540 20
40799 71148 76095 99841 3932 26688 95207 60217 54939 83494 7834 87992 90665 74630 90421 92661 24931 77422 25001 59799
2493 20
33551 79579 4729 43399 39918 33432 63953 32355 74389 48818 42085 15829 40108 95617 35806 8519 57871 76814 83473 58246
4752 19
89768 16450 84635 63030 6179 87100 1067 92119 20234 14785 37563 83421 87628 95400 99721 86716 18045 35095 36411
2631 20
28844 95646 53154 27196 41551 48846 91910 65968 46628 98470 51443 72913 92325 86463 39248 49839 63405 11334 72613 30747
1685 19
75488 71000 88734 54301 54390 22078 15324 50975 74642 3951 95819 47689 80237 70367 52819 24423 96298 4715 14084
1847 19
70742 20543 23646 50946 43436 44637 87414 38348 62976 33136 60141 71079 81492 55344 33991 68243 3432 96202 75446
3240 19
3239 58788 31252 88967 24970 70624 41151 63771 40965 48404 66073 12530 2140 28472 60493 75140 95905 59117 31503
7189 19
46994 23384 54477 36245 42935 42169 20099 63674 15573 72117 86771 26964 96170 81636 17151 62019 68642 80296 92857
3817 19
84587 27449 37798 84939 20117 12370 88142 35154 1970 59532 76056 23889 99112 24180 88456 97393 99407 554 99990
2253 20
47500 16297 89202 55119 89178 41436 25107 96855 15369 71521 225 16480 73192 77523 43078 40755 97419 15113 37203 92577
5535 19
27133 92190 29923 21484 84034 80821 14533 35831 59886 12606 88704 32097 76655 93989 30527 69678 76195 42613 74819
440 20
97381 92904 75875 22116 72845 65068 51407 17196 14865 96386 81887 22669 22051 52863 29751 90229 52208 64025 88277 98786
9366 20
75178 85910 82205 34693 73429 37545 12622 47150 23953 84561 39384 12263 7149 67766 27851 19637 60575 12057 77684 29358
4958 19
13717 79279 35050 17593 55076 4245 93019 80878 11807 29007 89072 39379 61419 48737 75756 61585 52790 21103 42155
2300 20
51646 77945 37685 51352 49703 21445 81770 50950 86128 10995 63564 14144 95166 24864 99589 67247 59458 9268 60184 42939
8089 20
45108 41762 54984 9116 44812 29833 80291 61881 81815 68676 6358 25009 33351 85408 76792 94255 68442 91715 31345 34919
9467 19
39303 66786 53328 6583 9160 51019 39592 96825 90682 16008 71187 91860 96722 86572 24454 45658 56654 25834 20302
3219 20
93454 14863 25465 38291 42464 49221 28236 82555 36132 34513 3403 33000 11184 31144 96811 6771 45171 30191 84887 50410
8472 20
40905 96439 46723 37818 28863 71149 42765 52642 74540 99210 1120 47754 42883 88166 96632 87231 27105 15709 78122 31206
6515 19
21935 69818 57343 14794 99105 99634 57344 25225 91885 16528 3350 54125 30466 88653 95801 50064 1897 20010 22189
7172 19
29130 83274 94673 23146 22234 41440 89081 52949 4404 51444 92473 89040 62986 23852 13732 49714 97797 40229 83642
7390 20
32183 33598 14019 69405 61667 35471 35745 55874 6378 83525 18160 20872 54236 50256 5640 915 4670 93362 27509 12894
8896 20
57153 96932 9647 31074 20100 69415 38522 97426 32486 95375 82346 80737 45229 64989 76707 48716 31674 83277 96574 9218
151 19
32877 4080 7135 71319 3581 96716 65393 90385 45838 51485 8997 52988 88713 79395 38722 80806 51752 71380 77181
369 20
68137 9741 13634 92968 9739 78547 74289 26625 42756 30841 77410 72504 51246 32053 35058 79272 15393 6355 5709 3212
1129 20
1840 52060 6439 30442 33866 72190 85699 99305 42788 80633 97345 41598 90120 99732 43757 33649 48935 92967 49311 51561
744 19
44928 82185 85983 64813 89879 89986 94161 98329 49069 26319 58535 15353 1518 27823 87698 31502 25780 46198 48801
9035 19
89300 56669 97338 21981 74529 48621 86336 99369 87715 88789 58218 19424 69605 61276 81570 91975 92156 27890 9123
3344 19
82399 22312 86611 35800 72377 33216 77142 70699 14568 61193 79963 69714 60161 53275 99765 56232 6012 82050 56345
414 20
58203 57632 134 4391 35170 30257 13209 3857 11876 12491 43849 47195 82540 55000 67594 72431 98692 78367 75477 61099
1722 19
89950 14469 3863 31140 49815 45872 8628 47893 51302 84111 1786 89130 64746 87275 48824 99349 3542 4251 62389
1133 20
89093 48670 67618 35861 41188 21741 20708 87020 41625 20269 4635 80544 50898 23940 6023 84375 23045 24559 22869 28103
5833 20
36749 92834 53944 32656 79243 18789 20500 87141 95441 474 7966 6727 88336 56234 71847 78707 59226 31143 36829 35847
2681 19
44491 76717 67178 98717 15264 60263 47024 49645 50898 91623 76216 37467 39004 24689 51226 11956 65879 79684 70082
2856 19
39200 47067 59702 73026 21655 76568 82006 61572 27880 7468 97690 92568 16872 21957 62806 74623 86111 88979 4022
2394 19
47576 34607 94214 40639 96142 36757 83514 1998 63799 25967 43263 95029 73569 6758 20575 12871 36193 9796 29201
3092 19
27169 56358 18211 77378 41758 28130 30594 53688 43220 52121 52667 31908 30153 97590 45266 68998 61478 76547 85027
6500 19
25719 2890 11085 98012 73916 9035 96711 78351 64823 18749 53992 23687 72995 4401 45027 99291 20652 73215 41780
4855 20
21275 49002 1671 85241 54726 96302 96900 61253 51015 44135 42704 60112 68090 48909 46226 50795 27092 61824 74976 66955
9328 20
5807 61504 22540 7748 37468 80047 8379 4799 66439 17398 93849 74267 39477 22415 53820 28141 43422 5484 57011 26607
295 19
91630 82902 68940 82459 78504 82845 16920 74398 61193 7345 89660 75228 11107 1082 42563 81536 32744 729 29090
3141 19
54275 82156 17057 97269 56285 83859 29627 22363 40196 5347 75668 8049 15833 27423 68045 67536 19375 18466 48655
8492 19
17683 50772 97644 559 1799 16249 51312 68276 55838 80257 52401 17689 23108 42043 9358 95341 55423 35518 48367
5604 20
88745 9206 98615 83808 9978 26363 26512 42354 3229 21085 83291 89538 19539 63689 63423 74267 60539 98019 95456 75707
6260 20
40250 20510 87139 90301 42161 22454 28093 19157 38116 52542 94234 72368 66987 97417 76432 91729 49713 20165 75055 38329
2892 19
51425 30672 26190 51820 85247 50451 37513 56667 55996 15090 20135 74543 20815 53745 9474 4658 72634 10531 69949
6049 19
16636 20528 81000 96610 13056 11303 16929 15390 20985 97747 7587 79912 95820 56957 83019 64596 75226 83557 41202
4581 18
76365 78065 10811 19427 27103 62847 91559 11950 25582 37124 4198 65135 13212 32595 71867 60954 34564 26063
6233 18
63324 82370 11628 64813 47265 56088 22735 56554 62682 26683 92951 60418 50742 53301 17542 20149 49309 58792
7159 18
78410 34573 84649 92431 89347 1623 72887 39578 7829 53138 130 79578 18427 99647 66644 38087 4463 84160
7819 20
47416 71839 45905 88097 42215 89224 58796 8183 21414 86747 20549 60221 53006 39170 32704 86604 1367 37514 85469 58040
9301 18
67723 44395 30646 19387 96527 9113 70067 50307 27443 21790 13415 73908 19744 51567 49583 70097 3302 43975
9984 20
71598 9593 74962 32827 23974 29999 45974 65749 72798 34198 44706 9833 21147 77724 91754 55113 11821 54516 39137 94149
3774 19
99852 18594 16820 87531 62564 64308 28910 50395 12810 35652 31987 64044 4848 78004 74135 39444 74696 9862 45267
7469 19
92541 66061 49765 77787 46561 72288 26555 50580 10449 3855 87561 92579 75060 15760 85156 8064 10636 49720 69581
9063 19
53518 78557 41721 79025 62537 41578 70280 92500 8470 78046 4984 87908 77451 83540 68657 58503 65731 59255 53693
4231 18
22830 93013 28 33514 81509 90565 37715 26108 83453 7049 6070 21764 96225 17548 68464 48429 52359 24035
7412 20
68343 59333 45165 27169 52651 43542 5212 94954 33887 69932 33927 86753 9474 55422 31548 80424 34867 75750 17176 13706
3740 19
81339 77835 63558 58495 96736 46351 16097 27039 89604 66815 58097 54151 40681 68795 37086 28429 70126 74579 70845
9574 19
93797 32523 58606 78540 47383 62810 5934 2343 10510 30215 23994 15704 46276 99574 65428 97499 58472 59397 28041
1822 18
71787 9679 33899 63915 90832 96257 93651 8879 28946 36618 8912 30570 34296 51699 80078 31882 11963 21300
2339 18
95783 84827 69216 65811 86162 55998 93801 48621 82212 88562 13989 73062 5851 98479 16402 31604 63521 676
5362 20
23818 42441 30776 14970 57556 23195 99536 69320 75159 1000 72462 92651 28486 57166 73846 35837 66016 80770 19954 49168
1088 19
77897 28737 16194 9932 1990 28857 5058 78484 14098 44960 39916 41657 50247 95320 9564 78091 78373 13404 70275
9633 19
93360 30444 18561 80346 92225 73445 34777 56849 71935 23837 61279 3389 85855 47195 70737 90869 32380 60893 65790
3492 18
21486 28371 30541 53608 76487 51460 45192 3483 11158 59444 94814 64496 9127 3557 20923 71008 16211 26123
5927 18
22990 88017 73285 81146 94921 86311 23237 11724 4502 68074 9056 88502 67751 19163 72367 49451 8321 41383
8830 18
6214 45977 57780 9647 16566 16467 35642 50171 9366 36290 97975 38328 95773 92023 94091 52113 45011 18417
518 20
77077 46188 18559 96228 72282 61006 28857 87760 15787 49205 39438 91668 45991 77244 23081 83144 2479 50495 17225 58061
9269 20
86757 20210 9353 50815 26347 23676 93686 96352 76753 23128 37052 29253 59944 26592 19235 95977 17441 16975 57458 22497
432 19
76160 29133 72438 9120 23556 61297 22659 83844 3134 5550 3043 95459 69222 47462 12551 79646 63010 34737 25576
7319 19
11146 36076 40708 67527 65783 80990 78769 33150 21368 85819 28268 54509 71989 95178 88900 40709 84244 10583 36314
6509 20
83114 42327 29630 52728 69889 75152 52552 11922 19691 67193 89183 909 21368 42000 17698 25700 47758 21904 85557 49691
9286 19
26395 50225 86477 26962 87900 66849 44411 43336 11219 12145 5441 4490 4073 27276 33249 91755 61292 78822 99937
4141 18
73976 77843 74828 39834 17 29045 85620 44573 2626 35097 20260 72855 35454 3601 32625 27812 98173 62756
5951 18
95124 56466 49666 23259 38166 18065 82189 6665 60869 10537 86429 99302 59889 50599 27343 60960 63652 46830
2054 20
92636 91659 1710 6185 27668 44097 85047 64013 64706 45711 15150 57039 78222 78287 80293 59767 94677 2201 93387 38213
4957 19
55570 70121 61827 48102 55753 56295 41314 72551 55524 43873 14449 5946 83786 29450 5811 90206 62118 52615 68061
5009 19
41038 68079 64435 72454 16985 15 27183 34772 37596 80430 17739 13338 63181 66666 42843 51575 11343 38097 46546
7599 19
13673 85363 14510 6450 79840 84313 80113 94218 65680 87924 15740 25754 82086 44570 55343 15969 55396 15490 65522
7504 18
84792 70531 51630 94469 12325 56895 75938 61716 27405 25162 55855 47734 47639 18013 74528 43915 77908 50771
7747 18
83130 59915 75420 60059 92543 71937 38767 48522 8911 42904 96160 86558 38585 63041 30365 25528 23214 86636
2005 19
95397 94316 79354 70907 19293 94802 85118 26904 77068 36257 31161 17246 65171 97916 78552 21358 57394 84815 83642
6013 19
30868 17529 71700 61328 16065 49022 76634 17024 26446 32039 5349 45116 21371 87377 20248 57774 58394 35095 43721
7944 19
26419 85337 37592 59069 30787 41921 51986 77037 18057 44847 46168 83071 94500 75284 8190 58459 33620 89051 48814
8879 20
34976 43742 46449 1229 50012 80113 76499 42788 74457 99081 55425 61471 21564 61446 3454 85342 42340 40765 77080 28665
9186 19
18182 81937 28208 20596 15383 40218 50766 181 52864 27093 33868 13202 20233 97965 66193 63454 71922 215 65358
4593 18
10085 55170 20781 57849 29475 70807 53700 12344 22853 459 50008 65211 73562 32847 60466 11862 57391 82140
7644 18
43396 26476 71355 59212 89347 97054 43063 69898 62560 11830 14944 22370 79845 7510 86800 37473 51970 14114
3097 19
57266 82331 13676 71563 92225 40235 19041 29906 92450 66179 52810 74931 1702 13331 25492 70755 37244 47402 15062
5972 19
36209 24626 44787 42603 78330 9025 2153 92862 24251 93324 40982 83604 82432 45702 63629 96987 50582 84348 43292
7162 19
23471 40369 47743 62040 86002 75023 12104 566 32720 76968 14996 54450 85050 20568 2189 98655 81540 1335 12286
9640 19
72330 52388 32905 10865 64954 82354 76196 1995 49148 19498 58348 32516 3968 58271 92356 36336 95692 58042 39013
5382 18
99250 7268 64934 26848 41188 10857 49704 32374 58257 18726 65989 39423 88239 34557 4411 90987 78708 24607
6215 18
17113 4949 29973 23386 11421 16553 94148 52762 4744 24129 2140 14576 56408 67089 94517 45216 49415 96662
569 18
45137 88901 7514 41735 57268 38226 93839 29911 97469 45038 66772 58706 72101 8780 56505 42699 66992 33069
2148 18
22493 18966 13586 8961 46738 23197 54433 74847 59411 79956 67409 72631 75973 91536 55062 36942 68882 61654
3454 19
61351 98346 52330 32422 4898 19304 7321 79703 31384 65309 65984 65362 84783 19732 34871 9148 65778 55062 68136
5724 19
83428 63547 24578 72830 21401 8025 43701 12844 3319 16663 13122 89956 53478 4331 91251 9003 93722 19536 64761
7815 19
29279 83165 82861 56576 21168 9755 79735 5927 47844 48124 13176 90719 6691 43089 65395 99502 35113 90067 69558
2762 20
91667 25305 60104 41582 64889 51939 64425 88859 41243 64328 35912 97191 97493 98228 5100 79870 80991 46548 61888 11579
2991 20
36568 38343 80187 71546 18985 82300 90602 69656 35481 465 85266 16259 37044 60312 11897 37961 44075 3424 5604 11800
4482 20
49467 54183 10365 97425 79991 61732 90221 89662 89503 81854 67305 57388 44967 44312 93118 50173 44553 24692 78570 83502
2246 18
3409 80153 4035 99135 355 41010 61646 84273 39597 15819 38297 54011 19695 69300 80401 20085 64569 96667
6308 18
38732 53832 45244 2258 16608 56498 4782 11425 47154 68990 62336 25966 859 66270 14582 77109 11093 36656
2325 20
72250 62375 84942 88131 164 356 77998 29651 99729 35649 78626 7115 62261 9016 89195 51699 28641 96724 99825 67783
5390 20
1629 26973 91957 41659 46059 96555 76674 98409 37734 9937 80485 5053 65140 61675 83944 32506 75021 41223 6763 41258
5913 18
12574 41576 86000 79918 47154 8667 51229 29983 88314 76165 40468 81413 3322 65006 70161 28040 82134 42721
7095 18
15823 41230 47170 37031 80570 54755 17924 13116 59207 58048 3480 22452 8894 81411 37289 51387 84377 67940
8648 18
33752 82906 10856 80463 5890 5663 61228 70053 31855 85459 81295 22446 92903 41666 55376 40446 25704 15391
1937 19
69105 10563 22489 93648 91844 57859 74192 44641 49694 2659 75463 87323 20797 5076 54879 50371 23226 38481 92847
4447 19
5250 66879 63858 21074 24401 17497 33472 94567 27625 93220 37124 39985 13842 75012 98417 69090 94436 41364 826
930 20
15374 77709 50122 98123 69882 32075 60154 30940 68671 24536 24066 64593 64149 69252 62830 8878 55988 31670 68975 76659
3301 20
25109 89106 1990 31788 96993 19561 8738 16442 40547 4023 4947 38908 19556 92476 2972 87044 71697 17449 35755 70229
2992 19
60307 95073 10896 61417 11357 3561 72952 16692 23535 83804 5446 25118 13816 60782 64644 89410 43192 88976 93737
7693 19
25314 54135 38123 28229 44264 11113 77084 89295 57349 3799 63759 46440 68186 92043 61718 48395 47120 69254 11502
8060 19
45440 79877 33741 28229 61966 36627 69977 3477 55627 6553 33192 7272 33787 86389 48690 77027 22041 9481 38195
9381 19
42290 99260 46229 99052 9035 51330 50239 49642 78096 56841 28095 35682 80734 51450 82243 77861 25737 80685 12474
6778 18
95296 30961 34242 21137 6127 52112 54201 73491 87782 16495 37912 35639 98077 74162 20464 29637 59211 6880
7522 18
29767 61301 2928 28974 86221 85693 10837 80038 81844 76845 50272 46514 92297 79079 66881 62507 42465 16835
1839 19
17152 99373 97480 82453 36837 92567 77094 74205 1792 46025 24258 61471 45081 27506 28424 23230 37103 85682 34523
6748 19
64061 68273 97875 79119 71806 417 97302 27241 68823 15252 94860 42864 23326 75359 87396 29682 75415 20156 72526
2571 20
61811 9829 76717 48545 6138 78656 63698 2357 72476 27805 2390 30729 51132 75167 95472 17496 99777 60640 1822 62721
9694 20
39193 13030 727 42564 26048 87914 43383 87868 7128 97485 37977 88832 82890 21515 84433 80977 30232 35226 87803 23054
1804 19
22872 81048 98740 63558 54948 25172 83810 71213 7499 68436 83666 81726 8704 56135 26213 89315 72846 73913 89330
2560 19
47035 50332 87694 47585 42077 98687 34286 9355 3919 90653 30532 46678 23625 36243 53012 57157 54891 12033 61536
4217 19
2017 24071 76928 13805 30619 43789 43247 33644 63697 11497 98206 61742 18453 2725 98887 12532 84777 3150 87569
6367 19
8507 89772 95063 18716 68008 74113 41361 7512 51554 12701 4513 51998 55679 59315 55688 4138 46085 85339 53725
6555 19
4208 70297 4832 29493 23759 63245 79566 2659 14314 42654 48292 51130 65829 42398 46543 23097 67278 1850 20123
3545 20
70207 52409 76042 62319 96911 94688 35466 90854 11624 51188 14653 67367 6648 13834 78285 21320 40498 5685 24607 25525
6322 19
77448 8541 95407 96378 59487 79098 58584 14568 77658 95384 36355 94809 30533 1277 21297 28954 72980 36185 28881
8005 19
66483 43568 69565 63014 54867 7518 80374 38757 58998 22715 2171 98798 11769 59779 50403 63729 75201 44049 71358
7786 18
17896 28405 35502 53760 15505 38905 39415 79747 49193 95619 54098 25158 1248 58615 76788 98713 41312 30416
0 13
94192 88544 94356 45608 96767 91997 1599 82022 45948 4346 6990 70546 30723
