200
5603 20
11639 36033 23256 45866 60253 49701 50688 39712 74338 68814 18771 44483 32625 71466 63919 91467 15974 18846 70731 91287
1769 20
87017 89148 47207 77756 41913 12071 39873 33024 29957 7619 88216 36196 59229 78261 85843 21137 39695 52421 18408 95524
4255 20
81866 82795 67242 49819 64636 96564 4701 30433 86205 36939 72649 56287 43634 80831 86341 77860 26711 99761 86820 63616
1750 20
18814 91749 54370 64392 28733 74833 70715 7149 84480 68603 97517 91723 10305 41618 80077 68908 62902 3419 11023 44587
2442 20
98604 40660 48214 96549 48399 27609 9663 16400 62385 48981 72868 84503 58775 31444 4533 16842 25730 69852 99505 73543
8696 20
35619 5076 45104 78115 87902 44776 77630 66416 24855 17085 86267 2284 82092 38304 42488 3876 82577 89554 94634 65791
8784 20
50502 82046 54925 33089 10223 92449 25601 30512 38343 20152 20149 79063 67980 51993 75460 9527 87260 5372 65022 37047
1959 20
33065 26926 92586 8816 80465 30904 66986 30360 58849 15504 6488 37462 37814 78377 2558 22070 40740 26841 65440 79779
4438 20
67290 51208 38428 56345 57177 87977 10461 47947 3843 32292 95418 2930 10257 2388 16873 94919 62512 2125 68947 829
7691 20
30954 85920 21806 64925 73027 90266 55956 64855 26273 58533 50727 75723 31540 60508 3028 46271 51557 30766 75166 83082
8363 20
75160 4338 10067 12905 22066 21268 90492 58215 52197 95698 17958 21457 19297 86460 79757 421 13267 77027 24495 8218
750 20
92071 72284 44190 22942 58691 51654 22160 27988 8859 9158 26957 54682 61805 60875 66429 45847 25166 29780 70699 33695
1928 20
30272 2137 37082 99276 35298 71206 91387 28227 7612 29389 13849 50666 98559 16058 78401 56262 83502 9633 97196 71220
5108 20
49875 12918 79332 35036 57384 94578 18639 64626 44397 14232 23862 85404 32043 64238 33685 22017 81021 59575 38650 34110
2274 20
21433 81383 68863 69748 50802 83970 45754 51872 13812 706 20424 89548 95634 71022 14237 18594 31581 5336 95580 5724
6633 20
3560 91131 24522 97717 48990 66888 28747 23120 13722 7343 27148 4861 46796 71810 38820 69673 78792 12603 63971 50672
6937 20
47247 6552 36164 20272 60107 44769 97743 90470 96138 26012 62652 62072 2814 33859 15426 64550 63659 89923 80846 85692
7997 20
8970 50559 3937 91856 42436 77841 39183 94423 89577 23304 81732 85999 92799 60757 65034 15395 34090 41178 40197 2025
8416 20
59464 28068 92212 68686 75920 99590 6931 22603 49852 51676 44880 15175 17923 1752 40228 63839 57082 96543 14421 2651
1465 19
81711 6159 19036 45149 38758 33539 18009 7543 52286 78843 90912 10613 30721 71796 82355 29361 74811 44199 96
7941 20
1674 67088 65329 34063 44955 36385 47764 82698 8456 6872 67659 16769 90872 81097 12230 25652 69892 77768 10441 31941
8864 20
45015 2765 25442 98665 10942 59322 3644 123 52428 89664 9988 29077 3008 84343 98952 74161 92168 58855 68425 66286
5044 19
75461 22530 14489 68627 81268 54043 31816 91104 19821 25110 27376 95696 43088 52869 31022 25684 46512 61145 35396
5884 19
67277 66744 12610 40088 53596 47661 2820 15153 35610 56104 20604 37194 60894 95464 13796 61495 52919 97193 3318
8931 20
44975 99045 19568 51296 14270 48430 78860 64479 5681 30542 9389 46470 95780 73278 14462 68618 85129 73422 79669 56908
2281 20
41965 37313 15230 6090 37083 29542 48566 48856 17153 86939 86913 86617 41258 82898 62486 19958 60457 15465 37559 79355
3360 20
72741 30329 68387 31584 16985 33443 13782 11818 21387 62210 99980 28793 40689 6118 36806 41791 96514 88807 24178 59652
4713 20
20958 79089 4500 6256 70362 20393 42024 86903 76521 55232 2430 72070 15233 344 18798 47016 15110 97498 7840 16018
7339 20
53848 18156 5671 32093 27500 47960 99861 37395 77692 50903 72783 95078 32405 29228 56101 29480 78398 2107 28568 43162
2872 20
5565 15290 71926 93211 44347 77664 9651 46245 25658 83886 10387 21967 5149 50922 76796 79408 3029 39893 53109 37800
4726 20
81026 84358 13779 49787 44633 35025 3912 26168 98764 57335 3425 49086 17125 81654 75840 32557 17828 4894 36109 19746
6063 20
67622 5828 28199 96428 67848 51504 48962 50947 9552 54575 79788 95598 9218 1266 36058 66962 91877 41516 78200 85987
9223 20
19206 21969 16943 79117 97985 8897 49304 91480 39553 65343 91989 99925 4591 51677 60316 65124 76369 65671 13571 82751
6309 19
87322 38955 63596 86093 21737 14653 45999 93976 80460 26640 95180 75658 79448 17753 95246 38032 48809 11607 82507
1401 20
36831 63672 99567 77727 89744 88283 650 85309 21662 4430 41249 40839 18325 63603 33765 25313 35776 59882 32087 10209
882 20
91719 49219 7252 32319 14408 35777 58176 35212 6998 72049 57741 32637 38146 99805 61793 41514 55617 88806 21088 50148
2133 19
79336 74358 17531 72393 33028 31861 59925 68269 7723 84982 75835 69866 57028 39353 7945 51902 83293 18093 39173
1606 19
70957 92791 60313 95307 5223 22806 89988 87052 81083 93400 70712 443 73298 16695 70198 81745 82204 74681 14572
8839 19
73517 4964 61444 48420 15830 62467 81713 25978 11548 30601 13780 76776 24954 93992 79479 17418 66404 80409 25692
4876 19
48332 17813 24508 63212 76611 85518 10473 78031 33832 95125 51421 44592 92863 68724 54352 7054 14582 42795 76000
9636 19
66300 4076 45399 27211 97065 85429 94382 81091 3261 22875 7273 11817 13836 74739 77358 8473 26596 14039 52435
4891 19
4167 68083 42432 28857 28246 45691 4689 49811 38593 99788 23732 55497 28267 74078 35489 95816 81515 23737 4718
5053 19
10965 95967 37442 47759 56682 93391 25811 97862 93125 25989 11913 63193 97335 73720 59427 19673 39551 59378 45636
3818 18
40684 79850 85029 21513 55017 68854 84791 825 98521 63719 96670 88240 37897 82884 24980 75954 36133 30574
7760 19
34227 39941 79031 372 43704 66598 65340 59429 63035 73282 44571 71543 95709 97709 34935 34118 27226 99834 1343
4938 20
83616 51973 78429 1015 25904 68058 84557 3511 61107 79391 81378 68451 18616 78176 63177 9815 14537 88649 96512 75362
6669 20
96915 1918 67049 35314 76938 1889 92111 23109 85615 77258 13095 3242 1901 59832 38592 70627 99363 83505 42918 85781
1862 20
64931 63853 30658 28128 82779 84894 23202 87836 94411 79774 59677 91053 55557 16910 95796 79943 96620 8407 21546 87810
5437 19
58359 63416 29133 62156 36537 10326 78972 49865 19419 70941 46209 40517 90727 94845 99313 39244 37541 75118 84137
2182 20
4052 99264 36973 3907 94061 82605 28692 55063 35341 87383 55177 63447 72956 12963 15319 65215 76145 725 18783 33505
3487 19
8418 84367 47201 99488 30055 93787 50711 50755 27808 64525 70312 64522 40928 74646 80611 56553 78103 74667 3148
1639 19
40148 70902 58003 38898 31777 22144 40667 63544 98183 48788 9286 28634 78035 4577 62976 85719 36302 56413 38137
4988 18
16906 11922 35058 11200 51197 45614 28523 30035 49700 93955 50618 5799 64253 20568 65045 38009 61986 29791
1725 19
96309 47814 51028 11418 47773 19198 64105 75688 23399 74978 98779 37583 83255 83499 73196 20639 72812 58216 21222
7637 19
97166 64449 44301 28763 48679 90300 8429 14319 76630 57007 13345 11312 81221 63221 81661 3599 72436 55467 63042
1431 20
22562 40976 14684 6437 9867 89197 54743 72767 92474 94079 41367 21459 50723 94101 79633 99262 78057 49397 34911 40323
1614 20
72521 15602 90021 74347 6088 88772 71700 83183 14970 6043 56689 37845 18496 14054 48713 11032 88481 865 18855 63606
1661 20
85544 63329 39745 31834 75322 35534 61243 78657 24792 52131 99581 148 41620 38934 54200 88907 86486 24511 11558 51298
8415 20
95206 60657 76527 64311 75736 72796 49044 30125 39777 22281 12713 99057 33500 35542 58378 49937 67938 84351 91987 69499
7164 20
93598 22616 92743 11034 26683 88532 89788 15824 59655 11250 16300 32675 1126 11969 1665 51927 51026 4667 46932 43695
9870 19
84963 91285 34399 59381 68752 34553 26958 27792 40288 95460 49916 40333 42155 98810 99838 35560 10416 65133 7031
3946 19
6548 40099 77853 61688 33586 34292 17013 65033 65263 78060 20108 75106 36681 23646 82457 66385 93639 30765 82443
4975 19
15294 4055 9209 32445 31058 480 59131 31660 67501 82202 44093 27153 34111 46795 95820 50453 8832 17712 77534
7330 19
99326 67048 43214 82553 93978 98435 46124 62727 36096 28662 1190 50827 49032 64336 62179 1405 73596 2640 7272
7638 19
74870 9076 35170 68628 61815 17644 39710 46469 27782 47245 44124 94441 39338 53243 34291 9029 39525 60556 99815
8181 18
15098 37489 40430 74272 82963 34337 80560 39996 52171 76450 23141 56597 83126 49564 59532 29408 56979 7259
8902 19
22675 32830 39516 60157 38268 45574 94621 42818 24014 31122 33301 51948 40132 63862 37332 45112 22065 96807 18407
540 20
40799 90665 60217 25001 76095 95207 83494 71148 26688 7834 59799 74630 99841 3932 90421 24931 87992 77422 54939 92661
2493 20
33551 48818 83473 43399 79579 40108 15829 33432 76814 39918 58246 74389 57871 4729 32355 95617 42085 63953 8519 35806
4752 19
89768 84635 16450 36411 92119 99721 18045 63030 87100 14785 87628 1067 37563 35095 83421 86716 20234 6179 95400
2631 20
41551 46628 53154 86463 72913 11334 91910 92325 98470 95646 51443 39248 30747 65968 63405 49839 27196 48846 28844 72613
1685 19
88734 54301 75488 24423 22078 15324 50975 3951 47689 71000 80237 4715 54390 70367 52819 95819 14084 74642 96298
1847 17
20543 33991 75446 44637 96202 55344 33136 68243 60141 50946 3432 70742 71079 43436 81492 38348 87414
3240 19
58788 2140 88967 28472 48404 66073 59117 12530 41151 95905 31503 40965 24970 31252 3239 60493 70624 63771 75140
7189 19
46994 26964 68642 62019 15573 92857 72117 17151 81636 80296 23384 86771 63674 96170 54477 20099 42169 36245 42935
3817 18
27449 24180 12370 23889 20117 99407 99112 37798 88456 97393 88142 99990 1970 84587 76056 554 84939 35154
2253 20
47500 16480 55119 89178 15113 92577 73192 37203 15369 41436 77523 40755 71521 25107 96855 97419 225 89202 16297 43078
5535 19
27133 35831 30527 92190 69678 76655 12606 74819 59886 93989 21484 32097 29923 42613 84034 14533 88704 80821 76195
440 20
92904 97381 51407 98786 64025 14865 22669 90229 22051 96386 81887 75875 72845 88277 22116 52863 29751 17196 52208 65068
9366 19
75178 84561 82205 19637 73429 67766 12263 27851 12622 60575 77684 37545 23953 47150 34693 12057 39384 85910 29358
4958 18
79279 55076 52790 48737 29007 61585 61419 93019 11807 80878 39379 89072 21103 13717 4245 75756 35050 17593
2300 20
51646 14144 60184 24864 9268 86128 63564 10995 42939 59458 37685 95166 99589 67247 50950 21445 51352 77945 81770 49703
8089 20
41762 94255 9116 33351 6358 76792 34919 25009 61881 31345 44812 68442 85408 45108 29833 80291 54984 68676 91715 81815
9467 19
39303 71187 25834 51019 39592 86572 6583 16008 20302 53328 66786 90682 9160 96722 24454 96825 45658 56654 91860
3219 20
25465 42464 3403 36132 45171 28236 31144 11184 49221 30191 96811 34513 6771 14863 93454 38291 82555 84887 33000 50410
8472 20
40905 99210 78122 87231 1120 42883 47754 31206 71149 46723 42765 15709 28863 96632 37818 52642 96439 88166 74540 27105
6515 19
21935 30466 22189 69818 14794 57344 57343 99634 88653 91885 16528 20010 99105 54125 50064 3350 25225 95801 1897
7172 19
83274 22234 94673 23852 92473 62986 23146 52949 40229 51444 13732 29130 49714 97797 41440 89081 83642 4404 89040
7390 20
69405 5640 50256 54236 83525 35745 20872 6378 33598 61667 18160 32183 14019 55874 4670 27509 12894 915 93362 35471
8896 19
96932 95375 80737 64989 97426 38522 32486 31074 82346 45229 20100 83277 57153 48716 31674 69415 9647 96574 76707
151 19
4080 52988 77181 8997 80806 51752 96716 71380 88713 45838 65393 90385 7135 79395 3581 32877 38722 51485 71319
369 19
9741 3212 42756 79272 68137 30841 6355 15393 78547 77410 26625 51246 32053 92968 9739 13634 74289 72504 5709
1129 20
52060 99305 92967 41598 90120 51561 85699 33649 30442 6439 80633 42788 97345 49311 33866 1840 43757 72190 48935 99732
744 19
44928 89986 48801 82185 94161 15353 46198 49069 98329 64813 25780 85983 27823 31502 89879 58535 87698 1518 26319
9035 19
89300 97338 21981 88789 48621 69605 61276 81570 27890 56669 99369 58218 92156 9123 87715 74529 91975 86336 19424
3344 17
86611 72377 77142 22312 35800 60161 82399 53275 33216 61193 79963 82050 99765 14568 6012 56232 69714
414 19
134 47195 82540 58203 67594 30257 11876 57632 55000 78367 43849 3857 75477 72431 13209 98692 4391 12491 61099
1722 19
89950 47893 64746 51302 3542 99349 1786 4251 8628 62389 14469 49815 89130 45872 48824 84111 87275 31140 3863
1133 20
67618 24559 35861 6023 48670 50898 23940 20708 80544 84375 87020 41188 22869 28103 20269 23045 4635 89093 41625 21741
5833 20
53944 78707 87141 56234 71847 32656 474 36829 31143 59226 79243 35847 18789 92834 6727 88336 20500 36749 7966 95441
2681 18
44491 51226 91623 49645 67178 37467 24689 60263 76717 15264 47024 11956 76216 70082 79684 98717 39004 65879
2856 19
39200 82006 21957 86111 7468 16872 62806 88979 47067 27880 97690 21655 59702 74623 92568 4022 73026 61572 76568
2394 19
34607 36193 29201 9796 95029 63799 6758 40639 43263 73569 36757 12871 83514 25967 1998 96142 20575 47576 94214
3092 19
56358 52667 43220 30153 30594 97590 28130 85027 76547 31908 45266 77378 52121 27169 68998 53688 61478 41758 18211
6500 19
25719 41780 53992 98012 73215 11085 23687 45027 78351 18749 20652 99291 96711 4401 72995 2890 64823 9035 73916
4855 20
85241 96900 46226 51015 48909 21275 27092 60112 50795 66955 74976 96302 44135 68090 49002 42704 1671 54726 61824 61253
9328 20
7748 17398 22540 74267 5484 43422 80047 39477 8379 66439 28141 4799 61504 53820 22415 5807 93849 26607 57011 37468
295 18
82902 89660 78504 68940 1082 29090 16920 81536 11107 75228 74398 729 32744 91630 42563 82459 7345 82845
3141 19
54275 75668 27423 68045 48655 82156 18466 40196 56285 19375 67536 22363 83859 29627 17057 8049 15833 5347 97269
8492 19
559 17689 55838 1799 52401 68276 80257 42043 95341 48367 51312 97644 16249 17683 50772 55423 9358 35518 23108
5604 19
9206 26363 3229 75707 95456 26512 98019 88745 42354 83291 21085 19539 63423 63689 83808 89538 9978 60539 98615
6260 20
40250 28093 20510 49713 91729 38116 22454 20165 19157 87139 72368 97417 38329 90301 76432 75055 42161 94234 52542 66987
2892 19
30672 85247 51425 74543 10531 50451 20815 55996 4658 56667 20135 15090 26190 72634 37513 53745 51820 9474 69949
6049 18
20528 13056 41202 7587 16929 15390 83557 16636 79912 56957 11303 81000 96610 20985 97747 64596 75226 83019
4581 18
76365 10811 13212 65135 71867 32595 25582 91559 37124 78065 34564 26063 27103 60954 11950 19427 62847 4198
6233 15
63324 53301 92951 22735 58792 49309 50742 56088 11628 56554 82370 60418 17542 47265 62682
7159 18
78410 99647 1623 66644 130 38087 7829 92431 53138 79578 34573 4463 18427 89347 39578 84649 72887 84160
7819 20
71839 32704 47416 58796 86747 37514 53006 45905 85469 21414 8183 58040 42215 89224 60221 88097 39170 1367 20549 86604
9301 18
67723 96527 50307 21790 9113 13415 43975 27443 49583 30646 70097 3302 70067 51567 19387 73908 44395 19744
9984 20
32827 21147 65749 39137 55113 44706 45974 77724 74962 29999 91754 54516 72798 23974 34198 71598 94149 11821 9593 9833
3774 18
99852 87531 64044 31987 16820 12810 74696 74135 39444 9862 78004 4848 35652 64308 62564 28910 50395 45267
7469 19
66061 87561 49765 92579 8064 49720 46561 72288 26555 69581 85156 50580 75060 3855 92541 77787 10636 15760 10449
9063 19
78557 58503 77451 65731 92500 53518 78046 70280 4984 53693 87908 79025 8470 62537 41578 59255 68657 41721 83540
4231 18
22830 96225 68464 33514 48429 7049 6070 93013 21764 83453 37715 52359 24035 81509 28 90565 26108 17548
7412 18
52651 86753 55422 17176 69932 80424 45165 75750 31548 94954 13706 33927 43542 59333 33887 68343 34867 5212
3740 19
77835 68795 40681 58097 58495 70845 70126 89604 16097 54151 46351 37086 28429 81339 96736 27039 66815 63558 74579
9574 19
32523 23994 65428 5934 58472 97499 58606 46276 78540 15704 30215 2343 28041 93797 99574 62810 10510 59397 47383
1822 18
71787 63915 51699 36618 90832 8879 34296 93651 11963 96257 8912 21300 9679 31882 28946 30570 33899 80078
2339 17
95783 69216 88562 676 93801 55998 13989 65811 16402 86162 82212 98479 31604 5851 73062 84827 63521
5362 19
57556 23195 28486 49168 30776 23818 1000 35837 19954 72462 66016 69320 92651 73846 42441 80770 75159 99536 57166
1088 18
28737 5058 1990 78484 78373 16194 95320 9932 70275 44960 9564 39916 13404 50247 77897 14098 41657 78091
9633 18
93360 71935 34777 92225 85855 56849 65790 60893 70737 23837 32380 80346 30444 3389 18561 73445 90869 61279
3492 18
21486 16211 9127 20923 76487 30541 45192 51460 94814 11158 3483 53608 64496 71008 28371 26123 59444 3557
5927 18
22990 88017 81146 88502 72367 19163 86311 67751 68074 9056 11724 4502 41383 23237 94921 73285 8321 49451
8830 17
6214 52113 94091 16566 97975 45977 9366 18417 92023 95773 35642 16467 45011 38328 50171 36290 57780
518 19
18559 45991 91668 96228 83144 61006 39438 87760 15787 46188 72282 50495 23081 77244 49205 58061 2479 17225 77077
9269 20
9353 50815 37052 57458 95977 17441 86757 23676 23128 22497 20210 59944 96352 29253 93686 16975 19235 26592 76753 26347
432 18
72438 76160 22659 95459 23556 3134 3043 12551 83844 47462 61297 25576 69222 79646 9120 34737 63010 5550
7319 19
40708 80990 78769 11146 67527 36314 95178 33150 36076 40709 88900 21368 71989 28268 54509 85819 65783 84244 10583
6509 18
42327 25700 49691 75152 52728 17698 89183 52552 19691 47758 21904 85557 42000 83114 67193 29630 69889 909
9286 19
26395 61292 4490 66849 91755 43336 12145 99937 86477 87900 44411 50225 27276 78822 33249 26962 11219 4073 5441
4141 17
73976 17 72855 20260 27812 77843 2626 98173 29045 74828 62756 39834 3601 44573 35097 35454 85620
5951 18
95124 6665 60960 50599 86429 38166 23259 27343 63652 10537 46830 18065 56466 82189 59889 99302 49666 60869
2054 20
6185 2201 64013 78287 15150 45711 78222 94677 57039 80293 59767 91659 1710 92636 85047 93387 64706 38213 27668 44097
4957 19
70121 52615 5811 55753 72551 41314 29450 48102 55570 56295 5946 61827 14449 90206 62118 43873 68061 83786 55524
5009 18
68079 51575 42843 63181 66666 11343 37596 72454 17739 64435 38097 41038 13338 15 27183 34772 80430 46546
7599 19
85363 55396 13673 87924 94218 80113 15969 25754 6450 14510 65680 84313 82086 65522 79840 15490 55343 15740 44570
7504 18
84792 47639 77908 75938 47734 61716 74528 50771 94469 27405 56895 43915 51630 18013 70531 55855 25162 12325
7747 18
83130 8911 86558 25528 23214 30365 63041 38767 38585 59915 71937 92543 60059 96160 42904 75420 86636 48522
2005 18
79354 84815 95397 70907 57394 85118 94316 77068 78552 97916 19293 31161 21358 65171 17246 26904 94802 36257
6013 17
30868 87377 20248 43721 61328 26446 49022 76634 57774 58394 32039 17529 16065 5349 17024 21371 45116
7944 19
26419 94500 37592 44847 41921 30787 58459 59069 33620 85337 83071 51986 89051 77037 8190 75284 48814 46168 18057
8879 18
1229 76499 46449 77080 55425 3454 34976 40765 61446 99081 61471 74457 21564 28665 85342 43742 50012 42340
9186 19
18182 27093 15383 40218 52864 33868 13202 20596 65358 181 20233 71922 215 28208 97965 50766 63454 66193 81937
4593 18
55170 53700 10085 82140 29475 50008 70807 459 57391 65211 22853 12344 20781 60466 73562 11862 57849 32847
7644 17
43396 7510 69898 97054 11830 79845 22370 59212 43063 14114 14944 71355 37473 62560 51970 86800 26476
3097 18
82331 66179 70755 29906 57266 19041 71563 40235 13331 74931 25492 13676 52810 15062 92450 47402 37244 1702
5972 19
24626 9025 45702 50582 36209 92862 96987 2153 78330 63629 43292 82432 42603 40982 44787 83604 84348 93324 24251
7162 18
47743 85050 40369 14996 2189 566 98655 86002 81540 23471 54450 75023 76968 12104 32720 62040 12286 1335
9640 19
52388 58348 76196 10865 3968 95692 1995 82354 72330 32905 36336 32516 58271 64954 39013 92356 49148 58042 19498
5382 17
7268 34557 39423 10857 99250 78708 4411 26848 64934 24607 32374 58257 90987 18726 65989 88239 49704
6215 17
17113 4949 11421 96662 29973 4744 94517 16553 23386 45216 56408 52762 67089 24129 14576 94148 49415
569 18
45137 38226 29911 8780 93839 72101 56505 33069 45038 7514 57268 88901 97469 66992 41735 66772 58706 42699
2148 18
22493 8961 67409 54433 74847 36942 91536 46738 75973 72631 61654 55062 23197 59411 13586 79956 68882 18966
3454 18
19304 7321 31384 52330 65362 68136 79703 65309 32422 34871 19732 4898 65984 61351 9148 84783 98346 65778
5724 19
24578 9003 12844 64761 4331 43701 3319 16663 53478 91251 13122 89956 72830 21401 93722 63547 19536 8025 83428
7815 19
83165 90719 82861 69558 9755 6691 29279 65395 35113 99502 21168 13176 90067 5927 48124 43089 79735 56576 47844
2762 20
51939 97191 41582 60104 88859 35912 64328 91667 97493 5100 61888 79870 41243 64889 11579 46548 25305 98228 64425 80991
2991 19
80187 44075 465 60312 11897 37044 35481 36568 37961 85266 90602 11800 3424 71546 18985 69656 5604 82300 16259
4482 19
10365 78570 57388 67305 50173 81854 44967 44553 79991 97425 44312 90221 61732 54183 93118 49467 89662 89503 24692
2246 18
3409 54011 80401 69300 61646 96667 39597 99135 41010 80153 355 15819 4035 84273 19695 20085 64569 38297
6308 17
38732 16608 11425 77109 47154 66270 56498 25966 4782 68990 859 53832 45244 11093 62336 36656 2258
2325 19
164 99825 62375 89195 99729 7115 67783 29651 88131 77998 84942 356 28641 62261 78626 9016 72250 96724 35649
5390 19
41659 83944 1629 98409 6763 41223 80485 32506 75021 26973 96555 61675 46059 37734 91957 76674 5053 9937 65140
5913 17
12574 28040 29983 88314 8667 41576 51229 86000 76165 65006 70161 79918 82134 81413 40468 3322 42721
7095 18
15823 80570 59207 58048 41230 37031 17924 47170 37289 84377 54755 13116 22452 8894 81411 67940 51387 3480
8648 18
33752 85459 10856 70053 5663 61228 80463 15391 55376 92903 41666 25704 22446 40446 81295 82906 5890 31855
1937 18
22489 20797 92847 23226 54879 10563 57859 44641 87323 69105 93648 75463 91844 50371 74192 49694 38481 2659
4447 18
5250 94436 75012 33472 39985 24401 63858 93220 21074 98417 826 41364 66879 69090 27625 13842 94567 17497
930 20
50122 62830 77709 60154 64593 24536 30940 69882 68671 98123 32075 64149 24066 8878 31670 68975 55988 76659 15374 69252
3301 19
89106 71697 4023 40547 96993 70229 38908 87044 31788 19561 16442 35755 17449 4947 8738 19556 2972 92476 25109
2992 19
61417 3561 88976 64644 11357 43192 16692 72952 93737 89410 60307 10896 83804 13816 95073 60782 25118 23535 5446
7693 19
25314 48395 77084 57349 54135 47120 92043 44264 61718 28229 11502 11113 3799 89295 68186 38123 46440 63759 69254
8060 16
79877 55627 36627 69977 48690 22041 38195 9481 61966 6553 86389 33787 45440 33741 3477 33192
9381 18
42290 35682 51450 80734 28095 99260 82243 46229 78096 49642 77861 80685 50239 25737 51330 99052 56841 12474
6778 17
95296 52112 16495 30961 20464 37912 87782 35639 54201 98077 73491 6880 6127 74162 29637 59211 34242
7522 18
29767 81844 80038 10837 28974 50272 76845 61301 2928 62507 46514 92297 85693 79079 42465 86221 66881 16835
1839 18
99373 36837 1792 46025 82453 97480 17152 34523 24258 85682 74205 45081 37103 28424 92567 23230 77094 27506
6748 19
64061 97302 29682 71806 94860 23326 79119 20156 97875 417 68823 42864 87396 75359 68273 72526 27241 75415 15252
2571 19
61811 30729 75167 9829 62721 51132 63698 78656 17496 6138 95472 60640 2390 72476 48545 27805 1822 2357 99777
9694 20
13030 43383 39193 42564 26048 87914 7128 21515 35226 97485 80977 84433 727 87868 23054 87803 37977 88832 82890 30232
1804 18
98740 81048 56135 73913 26213 83810 25172 83666 22872 54948 72846 89330 71213 7499 89315 68436 8704 81726
2560 19
50332 46678 47585 3919 30532 23625 61536 87694 42077 12033 47035 9355 57157 34286 98687 53012 90653 54891 36243
4217 19
24071 3150 18453 43247 2725 98887 63697 98206 11497 13805 76928 12532 87569 30619 61742 33644 2017 43789 84777
6367 19
89772 95063 18716 51998 4513 74113 55688 51554 85339 41361 68008 55679 59315 4138 7512 8507 46085 12701 53725
6555 18
4832 51130 46543 42398 79566 1850 23759 23097 20123 42654 70297 65829 29493 63245 67278 14314 48292 4208
3545 18
62319 52409 67367 11624 5685 51188 40498 70207 21320 6648 90854 78285 25525 96911 13834 35466 94688 76042
6322 18
8541 94809 1277 21297 72980 95384 59487 96378 36355 28954 77448 95407 30533 28881 36185 79098 77658 58584
8005 19
69565 2171 66483 11769 22715 63729 7518 75201 50403 98798 54867 38757 58998 43568 71358 59779 80374 63014 44049
7786 18
28405 49193 95619 54098 98713 25158 79747 76788 58615 1248 39415 38905 53760 15505 30416 41312 35502 17896
